
All Probabilities
================================================
p.hat.AIC p.hat.BIC p.hat.log p.hat.pcalog      
------------------------------------------------
0.041       0.041     0.024      0.263     0.286
0.0002     0.0002    0.00001     0.200     0.053
0.0003     0.0003    0.00004     0.175     0.056
0.999       0.997     1.000      0.456     0.975
0.0002     0.0002    0.00002     0.169     0.054
0.0002     0.0002    0.00003     0.208     0.057
0.999       0.999     1.000      0.707     0.889
1.000       1.000       1        0.544     0.982
1.000       1.000     1.000      0.489     0.978
0.045       0.071     0.020      0.192     0.278
0.997       0.997     0.999      0.567     0.845
1             1         1        0.986     0.993
1.000       1.000     1.000      0.435     0.981
0.001       0.001    0.0001      0.139     0.113
0.0003      0.001    0.0001      0.148     0.058
0.948       0.907     0.982      0.403     0.646
1             1         1        0.965     0.996
0.999       0.997     1.000      0.398     0.934
0.002       0.002    0.0005      0.196     0.128
1.000       1.000       1        0.999     0.998
1.000       1.000       1        0.841     0.993
0.005       0.010     0.001      0.220     0.146
1.000       1.000       1        1.000     0.996
0.0005     0.0005    0.0001      0.176     0.058
1.000       1.000       1        0.992     0.989
0.634       0.634     0.766      0.226     0.377
0.0002     0.0002    0.00001     0.141     0.052
1.000       0.999     1.000      0.841     0.832
0.0002     0.0002    0.00003     0.191     0.057
0.030       0.030     0.009      0.189     0.177
0.909       0.909     0.969      0.484     0.743
0.431       0.431     0.560      0.994     0.538
0.0002     0.0002    0.00003     0.212     0.058
0.0002     0.0002    0.00003     0.251     0.060
0.0002     0.0002    0.00001     0.133     0.052
0.0002      0.001    0.00001     0.154     0.055
1.000       1.000       1        0.748     0.966
0.0003      0.001    0.0001      0.140     0.058
1             1         1        0.968     0.992
1.000       1.000       1          1       1.000
0.847       0.847     0.951      0.543     0.483
0.0004     0.0004    0.0001      0.218     0.061
0.0002     0.0002    0.00002     0.216     0.055
0.0002     0.0002    0.00003     0.173     0.056
0.002       0.002    0.0005      0.187     0.125
0.0002     0.0002    0.00003     0.208     0.058
1.000       1.000     1.000      0.998     0.921
0.0002     0.0002    0.00001     0.140     0.052
1.000       1.000     1.000      0.775     0.986
1.000       1.000     1.000      1.000     0.973
0.999       0.999     1.000      0.288     0.974
0.162       0.162     0.083      0.503     0.346
0.038       0.042     0.019      0.207     0.190
0.0002      0.001    0.00001     0.174     0.055
1.000       1.000     1.000      0.466     0.863
0.0002     0.0002    0.00003     0.193     0.057
0.994       0.994     0.999      0.792     0.768
1             1         1        0.607     0.974
1.000       1.000     0.954      0.641     0.984
0.0002     0.0002    0.00003     0.184     0.056
0.0003      0.001    0.0001      0.146     0.058
0.001       0.001    0.0002      0.136     0.115
0.0003      0.001    0.0001      0.140     0.058
0.893       0.778     0.963      0.284     0.487
0.999       0.999     0.993      0.579     0.926
1.000       1.000       1        1.000     0.990
0.0003      0.001    0.0001      0.140     0.058
0.984       0.991     0.997      0.271     0.402
0.002       0.003     0.001      0.146     0.123
0.0002     0.0002    0.00003     0.189     0.057
0.723       0.723     0.013      0.698     0.805
1           1.000       1        0.998     0.999
1.000       1.000     1.000      0.432     0.950
1.000       1.000       1        0.997     0.978
0.0002     0.0002    0.00001     0.148     0.052
1.000       1.000       1        0.389     0.949
1.000       1.000     1.000      0.992     0.969
1.000       1.000     1.000      0.596     0.954
0.830       0.830     0.896      0.980     0.713
0.008       0.018     0.004      0.238     0.171
0             0         0        0.185     0.455
1.000       1.000       1          1       1.000
0.0003      0.001    0.0001      0.140     0.058
0.0005     0.0005    0.0001      0.199     0.060
0.0002     0.0002    0.00001     0.135     0.052
1.000       1.000     1.000      0.997     0.995
0.0003     0.0003    0.0001      0.181     0.058
0.999       0.999     1.000      0.571     0.920
1             1         1        0.995     0.997
1.000       1.000       1        0.531     0.992
1.000       1.000       1        0.434     0.996
0.371       0.327     0.293      0.147     0.454
0.060       0.060     0.017      0.138     0.245
1.000       1.000       1        0.993     1.000
1           1.000     1.000      0.896     0.998
0.947       0.947     0.965      0.175     0.683
1.000       1.000     1.000      0.533     0.986
1.000       0.999     1.000      0.226     0.897
0.942       0.942     0.971      0.195     0.653
1             1         1        0.734     1.000
0.994       0.994     0.999      0.137     0.820
0.954       0.954     0.971      0.141     0.657
0.948       0.948     0.206      0.288     0.746
0.0003      0.001    0.0001      0.159     0.059
1.000       1.000     1.000      0.977     0.916
1.000       1.000     1.000      0.541     0.955
1             1         1        0.905     0.995
1.000       1.000       1        0.998     0.992
0.001       0.001    0.0002      0.177     0.121
0.0002     0.0002    0.00001     0.129     0.052
0.013       0.013     0.007      0.253     0.266
0.0002     0.0002    0.00002     0.180     0.054
1             1         1        0.990     0.996
0.0003      0.001    0.0001      0.142     0.058
1.000       1.000     1.000      0.965     0.973
1.000       1.000     1.000      0.989     0.992
1.000       1.000     1.000      0.926     0.967
1.000       1.000     1.000      0.996     0.988
0.508       0.526     0.511      0.357     0.534
1.000       0.999     1.000      0.998     0.997
1           1.000       1        0.999     0.993
1.000       1.000       1        0.909     0.998
1.000       1.000     1.000      0.996     0.994
1             1         1        0.858     0.996
0.978       0.978     0.390      0.438     0.972
1.000       1.000       1        0.999     1.000
1             1         1        0.994     1.000
1             1         1        0.753     0.996
1.000       1.000     1.000      0.993     0.966
1.000       1.000       1        0.956     0.987
1             1         1        1.000     0.996
0.992       0.992     0.999      0.425     0.824
1.000       1.000     1.000      0.915     0.944
0.833       0.833     0.929      0.787     0.654
1.000       1.000       1        0.973     0.971
1             1         1        0.974     0.994
1.000       1.000     1.000      0.911     0.985
1.000       1.000       1        0.911     0.985
1             1         1        1.000     1.000
1             1         1        0.969     0.999
1             1         1        0.971     0.998
1           1.000       1        0.998     0.990
1.000       1.000       1        0.982     0.994
1             1         1        1.000     0.999
1           1.000       1        1.000     0.999
0.998       0.994     1.000      0.858     0.853
0.804       0.804     0.934      0.944     0.668
1.000       1.000     1.000      0.976     0.984
1.000       1.000       1        1.000     0.984
0.988       0.988     0.998      0.734     0.830
0.997       0.997     1.000      0.857     0.875
1             1         1        0.910     0.998
1             1         1        0.993     0.995
1             1         1        0.988     0.998
1.000       1.000     1.000      0.862     0.994
1             1         1        0.989     0.996
1             1         1        0.982     0.999
0.996       0.996    0.0002      1.000     1.000
1             1         1        0.996     0.996
1.000       1.000       1        0.967     0.984
1.000       1.000       1        1.000     0.990
1.000       1.000       1        0.727     0.994
0.152       0.152     0.133      0.265     0.310
0.995       0.995     0.999      0.664     0.838
1.000       1.000     1.000      1.000     0.975
1.000       1.000     1.000      0.722     0.977
1             1         1        0.998     0.991
1.000       1.000     1.000      0.989     0.988
0.981       0.981     0.997      0.997     0.937
1.000       1.000     1.000      0.998     0.993
0.993       0.996     0.979      1.000     0.957
0.980       0.942     0.995      0.247     0.692
0.988       0.982     0.996      0.144     0.821
0.001       0.001    0.0003      0.186     0.123
0.0005     0.0005    0.0001      0.175     0.058
0.050       0.050     0.027      0.154     0.275
0.0004      0.001    0.00005     0.144     0.058
0.001       0.001    0.0002      0.176     0.122
0.001       0.001    0.0002      0.177     0.121
0.001       0.002    0.0001      0.145     0.061
0.001       0.001    0.0002      0.176     0.122
0.0004     0.0004    0.0001      0.175     0.057
0.0004     0.0004    0.00004     0.173     0.057
0.0005      0.001    0.0001      0.143     0.060
0.0003     0.0003    0.00001     0.131     0.055
0.002       0.002    0.0004      0.188     0.124
0.0002     0.0002    0.00002     0.170     0.055
0.050       0.073     0.019      0.137     0.250
0.0002     0.0002    0.00001     0.128     0.052
0.0003      0.001    0.0001      0.140     0.059
1             1       1.000      0.998     1.000
0.183       0.228     0.121      0.258     0.505
1.000       1.000       1        0.820     0.992
0.826       0.642     0.896      0.320     0.584
1.000       1.000       1        0.998     0.995
1.000       0.999     1.000      0.609     0.943
1.000       1.000       1        0.995     0.986
0.989       0.983     0.997      0.712     0.795
0.486       0.504     0.483      0.302     0.532
1.000       1.000     1.000      1.000     0.996
1.000       1.000     1.000      0.762     0.958
0.030       0.030     0.014      0.171     0.263
1.000       1.000       1        1.000     0.988
1.000       1.000       1        1.000     0.998
1.000       1.000     1.000      0.882     0.958
1.000       1.000     1.000      0.236     0.973
1             1         1        1.000     1.000
1.000       1.000       1        1.000     0.990
1.000       1.000     1.000      0.902     0.994
1.000       0.999     1.000      0.501     0.941
0.003       0.005     0.001      0.158     0.127
1.000       1.000       1        0.990     0.987
1.000       1.000       1        1.000     0.995
0.981       0.981     0.998      0.974     0.845
1.000       1.000     1.000      0.997     0.998
0.002       0.002    0.0002      0.141     0.118
1.000       1.000       1        1.000     0.996
0.999       0.998     1.000      0.401     0.888
1             1         1        1.000     1.000
1.000       1.000       1        0.999     0.997
1.000       1.000     1.000      0.414     0.965
1             1         1        1.000     0.999
0.470       0.431     0.418      0.157     0.466
1.000       1.000     1.000      0.770     0.990
1.000       1.000     1.000      0.493     0.994
1.000       1.000       1        1.000     0.996
1.000       1.000       1        1.000     0.999
1.000       1.000     1.000      0.977     0.988
0.995       0.995     1.000      0.488     0.831
0.999       0.999     1.000      0.752     0.875
1.000       1.000       1        1.000     0.998
1.000       1.000       1        0.992     0.995
0.008       0.008     0.004      0.218     0.253
0.967       0.953     0.987      0.482     0.775
0.002       0.002    0.0003      0.152     0.123
1           1.000       1        1.000     0.999
1.000       1.000       1        1.000     0.999
1.000       1.000       1        1.000     0.999
1.000       1.000       1        0.991     0.985
1.000       1.000     1.000      0.969     0.969
1.000       1.000     1.000      0.967     0.984
1.000       1.000       1          1       1.000
1             1         1        0.878     1.000
1.000       1.000       1        0.536     0.995
0.706       0.473     0.773      0.207     0.562
1.000       1.000     1.000      1.000     0.998
1.000       1.000       1        1.000     0.981
0.002       0.002    0.0001        1       0.981
0.001       0.001    0.0002      0.181     0.123
0.003       0.005     0.001      0.149     0.127
0.001       0.003    0.0001      0.145     0.122
0.002       0.002     0.001      0.204     0.128
0.001       0.001    0.0001      0.188     0.061
0.002       0.002    0.0003      0.139     0.122
0.283       0.326     0.217      0.146     0.451
0.002       0.002     0.001      0.196     0.128
0.002       0.002    0.0004      0.190     0.125
0.0002      0.001    0.00001     0.137     0.055
0.0002     0.0002    0.00001     0.129     0.053
0.0005     0.0005    0.0001      0.219     0.061
0.002       0.003     0.001      0.146     0.124
0.0003      0.001    0.0001      0.140     0.059
0.812       0.812     0.963      0.402     0.483
0.061       0.061     0.016      0.129     0.247
0.0003      0.001    0.0001      0.140     0.059
0.0002      0.001    0.00001     0.137     0.055
0.096       0.092     0.067      0.205     0.203
0.0002     0.0002    0.00002     0.169     0.054
0.0005     0.0005    0.00003     0.134     0.059
0.0002     0.0002    0.00004     0.183     0.057
0.0004     0.0004    0.00002     0.133     0.057
0.0002     0.0002    0.00001     0.136     0.053
1.000       1.000     1.000      0.732     0.996
0.556       0.547     0.546      0.271     0.559
1           1.000       1        0.285     1.000
0.944       0.944     0.970      0.287     0.782
1             1         1        0.498     0.999
0.786       0.768     0.827      0.262     0.743
0.911       0.911     0.953      0.294     0.793
0.002       0.002    0.0003      0.154     0.124
0.013       0.013     0.006      0.231     0.261
1.000       1.000     1.000      0.448     0.972
1.000       1.000     1.000      0.565     0.946
1.000       1.000     1.000      0.268     0.997
0.997       0.991     1.000      0.286     0.837
1.000       1.000     1.000      0.394     0.939
0.933       0.912     0.965      0.300     0.761
0.956       0.899     0.988      0.245     0.888
1.000       1.000     1.000      0.560     0.968
0.999       0.999     1.000      0.272     0.912
1.000       1.000     1.000      0.501     0.989
0.001       0.002    0.0002      0.149     0.063
0.230       0.238     0.159      0.222     0.349
0.003       0.004     0.001      0.155     0.126
0.984       0.984     0.997      0.443     0.693
0.002       0.005    0.0003      0.166     0.128
0.529       0.481     0.601      0.212     0.574
1.000       1.000       1        0.374     0.969
0.990       0.990     0.998      0.138     0.908
0.0003      0.001    0.00003     0.145     0.057
0.021       0.034     0.006      0.158     0.286
0.0003     0.0003    0.00002     0.135     0.056
0.001       0.003    0.0001      0.152     0.123
0.001       0.001    0.0002      0.182     0.125
0.0003      0.001    0.0001      0.150     0.059
0.002       0.002    0.0002      0.149     0.121
0.001       0.001    0.0001      0.148     0.059
0.739       0.707     0.773      0.165     0.510
0.420       0.420     0.346      0.307     0.414
0.0003      0.001    0.00003     0.146     0.057
0.0003      0.001    0.00003     0.146     0.058
0.0003     0.0003    0.00004     0.177     0.057
0.042       0.036     0.020      0.173     0.260
1.000       1.000     1.000      0.219     0.884
0.965       0.965     0.985      0.173     0.663
0.0002      0.001    0.00001     0.138     0.055
0.0004      0.001    0.0001      0.150     0.060
0.010       0.010     0.001      0.156     0.154
0.0004      0.001    0.0001      0.144     0.060
1.000       0.999     1.000      0.202     0.901
0.955       0.955     0.970      0.129     0.661
0.058       0.076     0.034      0.169     0.319
0.002       0.002     0.001      0.206     0.130
0.003       0.005     0.001      0.159     0.129
0.998       0.996     1.000      0.164     0.918
1             1         1        0.685     0.999
0.965       0.961     0.978      0.149     0.695
0.0003      0.001    0.00003     0.150     0.057
0.003       0.004     0.001      0.149     0.126
0.005       0.007     0.002      0.159     0.132
0.0002     0.0002    0.00002     0.169     0.055
0.0002     0.0002    0.00002     0.170     0.055
0.0002      0.001    0.00002     0.139     0.056
0.0002     0.0002    0.00001     0.129     0.054
0.0003      0.001    0.0001      0.141     0.059
0.0002     0.0002    0.00002     0.169     0.055
0.0002     0.0002    0.00002     0.169     0.055
0.0002      0.001    0.00002     0.139     0.056
0.994       0.990     0.999      0.161     0.831
0.964       0.964     0.984      0.173     0.663
0.977       0.977     0.988      0.203     0.704
0.940       0.923     0.968      0.139     0.662
1.000       1.000       1          1       1.000
0.0005      0.001    0.0001      0.144     0.061
0.244       0.244     0.220      0.193     0.351
0.0005     0.0005    0.0001      0.187     0.059
0.001       0.001    0.0002      0.136     0.117
0.0005      0.001    0.0001      0.164     0.062
0.001       0.002    0.0002      0.147     0.063
0.003       0.003    0.0004      0.141     0.127
0.002       0.002    0.0004      0.182     0.129
0.0004      0.001    0.0001      0.143     0.060
0.065       0.065     0.025      0.191     0.196
0.079       0.079     0.033      0.211     0.202
0.003       0.004     0.001      0.148     0.127
0.0004     0.0004    0.00002     0.137     0.057
0.0004      0.001    0.0001      0.143     0.060
0.003       0.004     0.001      0.172     0.128
0.003       0.004     0.001      0.149     0.127
0.0004     0.0004    0.00004     0.183     0.057
0.981       0.981     0.991      0.134     0.687
0.994       0.990     0.998      0.148     0.831
0.999       0.998     1.000      0.159     0.922
0.975       0.975     0.986      0.133     0.680
0.001       0.001    0.0001      0.136     0.116
0.980       0.944     0.995      0.502     0.712
0.0004      0.001    0.00004     0.147     0.059
0.0003     0.0003    0.00002     0.135     0.057
0.797       0.797     0.915      0.998     0.751
0.897       0.850     0.972      0.287     0.512
0.003       0.003     0.001      0.199     0.130
0.002       0.002     0.001      0.196     0.128
0.976       0.976     0.995      0.629     0.690
0.0003      0.001    0.00003     0.141     0.058
0.0004     0.0004    0.00002     0.133     0.058
0.0005     0.0005    0.00003     0.134     0.059
0.982       0.957     0.996      0.452     0.708
0.002       0.002    0.0002      0.137     0.118
0.001       0.001    0.0001      0.136     0.116
0.330       0.330     0.299      0.180     0.455
0.127       0.127     0.045      0.134     0.269
0.097       0.144     0.060      0.144     0.277
1.000       1.000     1.000      0.978     0.953
0.094       0.094     0.052      0.186     0.274
0.003       0.005     0.001      0.149     0.128
0.971       0.971     0.995      0.227     0.664
0.002       0.002     0.001      0.199     0.129
0.0002     0.0002    0.00002     0.169     0.055
0.0002     0.0002    0.00002     0.169     0.055
1             1         1        0.999     0.997
0.036       0.036     0.023      0.224     0.275
0.937       0.937     0.996      0.295     0.611
0.013       0.013     0.004      0.202     0.167
0.801       0.764     0.845      0.161     0.517
1.000       1.000       1        0.284     0.935
0.887       0.887     0.950      0.155     0.672
1.000       0.999     1.000      0.208     0.894
0.0003      0.001    0.0001      0.141     0.059
0.387       0.386     0.048      0.145     0.509
1.000       0.998     1.000      0.219     0.847
1.000       1.000     1.000      0.413     0.863
1.000       1.000       1        0.264     0.985
0.0004      0.001    0.0001      0.143     0.060
0.020       0.020     0.011      0.217     0.266
0.511       0.511     0.911      0.995     0.441
0.013       0.013     0.005      0.193     0.268
0.008       0.008     0.003      0.187     0.260
0.926       0.926     0.971      0.319     0.382
0.158       0.195     0.114      0.174     0.301
0.012       0.012     0.004      0.152     0.241
0.380       0.412     0.425      0.190     0.310
0.0004     0.0004    0.0001      0.183     0.058
1             1         1        0.529     0.998
0.989       0.989     1.000      0.171     0.878
1.000       1.000     1.000      0.257     0.979
1.000       0.999     1.000      0.171     0.929
1.000       1.000       1        0.335     0.995
1.000       1.000     1.000      0.254     0.942
0.995       0.991     0.999      0.152     0.833
0.999       0.999     1.000      0.168     0.913
0.988       0.988     0.999      0.183     0.863
0.035       0.035     0.023      0.227     0.276
0.005       0.010    0.00003     0.155     0.139
0.976       0.976     0.993      0.255     0.630
0.965       0.965     0.989      0.337     0.399
0.962       0.962     0.991      0.222     0.468
0.0004     0.0004    0.0001      0.202     0.060
0.031       0.026     0.013      0.160     0.255
0.010       0.010     0.001      0.150     0.154
0.017       0.017     0.005      0.192     0.170
0.020       0.036     0.007      0.164     0.269
0.978       0.981     0.994      0.217     0.617
0.703       0.682     0.762      0.186     0.544
0.969       0.969     0.990      0.195     0.633
0.001       0.001    0.0001      0.149     0.116
0.029       0.024     0.012      0.162     0.254
0.0004     0.0004    0.00002     0.144     0.059
0.0004     0.0004    0.0001      0.194     0.059
0.927       0.928     0.968      0.211     0.590
0.063       0.084     0.038      0.161     0.321
0.012       0.012     0.004      0.149     0.240
0.012       0.012     0.006      0.211     0.258
0.071       0.071     0.041      0.230     0.323
0.039       0.061     0.016      0.167     0.279
0.035       0.057     0.014      0.170     0.278
0.996       0.997     0.999      0.239     0.653
0.119       0.115     0.087      0.179     0.281
0.965       0.968     0.988      0.216     0.607
0.009       0.021     0.004      0.168     0.172
0.378       0.409     0.422      0.192     0.310
0.012       0.029     0.006      0.160     0.176
0.132       0.131     0.101      0.173     0.283
0.990       0.990     0.997      0.178     0.823
0.943       0.943     0.971      0.171     0.655
0.0004      0.001    0.00004     0.143     0.059
0.001       0.002    0.0001      0.177     0.063
1.000       1.000     1.000      0.154     0.924
0.969       0.966     0.981      0.147     0.698
0.091       0.091     0.064      0.215     0.300
0.556       0.556     0.659      0.188     0.371
0.042       0.042     0.019      0.231     0.322
0.021       0.021     0.009      0.196     0.275
0.018       0.018     0.006      0.211     0.170
0.576       0.576     0.622      0.215     0.565
1.000       1.000     1.000      0.348     0.940
0.154       0.154     0.060      0.135     0.276
0.0002      0.001    0.00002     0.140     0.056
1.000       1.000       1        0.984     1.000
0.002       0.002    0.0004      0.184     0.129
0.0004      0.001    0.0001      0.149     0.060
0.0003     0.0003    0.00004     0.199     0.058
0.013       0.013     0.002      0.154     0.159
0.001       0.001    0.0002      0.180     0.125
0.068       0.100     0.037      0.141     0.271
0.0002      0.001    0.00001     0.138     0.056
0.068       0.100     0.037      0.143     0.271
0.0002     0.0002    0.00001     0.129     0.053
0.943       0.943     0.971      0.170     0.655
0.971       0.968     0.982      0.148     0.699
0.0003     0.0003    0.00001     0.130     0.055
0.006       0.012     0.001      0.156     0.252
0.040       0.035     0.019      0.163     0.260
0.011       0.011     0.003      0.148     0.239
0.984       0.991     0.997      0.248     0.406
1             1         1        0.923     1.000
1             1       1.000      0.409     1.000
1             1         1        0.979     1.000
0.966       0.966     0.986      0.183     0.664
0.960       0.955     0.973      0.145     0.692
1             1       1.000      0.842     0.999
0.0002      0.001    0.00001     0.138     0.055
0.0002     0.0002    0.00004     0.180     0.057
0.0002     0.0002    0.00004     0.180     0.057
0.0002     0.0002    0.00002     0.169     0.055
1             1         0          1       1.000
1             1         1        1.000     1.000
1.000       1.000     1.000      0.349     0.962
1             1         1        0.989     1.000
1             1         1        0.366     0.998
0.012       0.012     0.004      0.133     0.142
0.0003      0.001    0.0001      0.149     0.050
0.0003      0.001    0.00002     0.139     0.046
0.0001     0.0001    0.00001     0.123     0.040
0.0002     0.0005    0.00001     0.129     0.044
0.0001     0.0001    0.00001     0.120     0.041
0.0002      0.001    0.00004     0.135     0.047
0.0002     0.0002    0.00003     0.120     0.048
0.0002     0.0002    0.00001     0.133     0.043
0.0002     0.0005    0.00001     0.132     0.044
1.000       1.000       1        0.931     1.000
0.0003      0.001    0.0001      0.151     0.049
0.0004      0.001    0.0001      0.140     0.049
0.0002      0.001    0.0001      0.132     0.048
0.0002     0.0002    0.00001     0.130     0.044
0.0003      0.001    0.0001      0.136     0.049
0.0002     0.0002    0.00001     0.127     0.043
0.0003     0.0003    0.00003     0.174     0.047
0.0002     0.0002    0.00001     0.120     0.042
0.0002      0.001    0.00002     0.139     0.045
0.008       0.014     0.002      0.146     0.124
0.0002     0.0002    0.00002     0.161     0.046
0.0002     0.0002    0.00001     0.128     0.043
0.0002     0.0002    0.00002     0.174     0.047
0.0002      0.001    0.00002     0.140     0.045
0.0002     0.0002    0.00002     0.167     0.046
0.0001     0.0001    0.00002     0.109     0.046
0.0001     0.0001    0.00001     0.122     0.042
0.0002     0.0002    0.00001     0.129     0.044
0.0003      0.001    0.0001      0.129     0.048
0.0002     0.0002    0.00003     0.175     0.047
0.007       0.007     0.001      0.134     0.121
0.0002     0.0002    0.00003     0.121     0.048
0.0003      0.001    0.0001      0.136     0.048
0.0002      0.001    0.00004     0.130     0.047
0.0002     0.0002    0.00002     0.115     0.047
0.0002     0.0002    0.00003     0.115     0.047
0.0001     0.0004    0.00001     0.134     0.043
0.0001     0.0001    0.00001     0.159     0.045
0.0002      0.001    0.00004     0.127     0.047
1             1         1        0.148     1.000
0.00004    0.00004   0.00000     0.038     0.029
0.0001     0.0002    0.00001     0.124     0.030
0.579       0.579     0.877      0.235     0.326
0.00004    0.00004   0.00000     0.040     0.029
0.0001     0.0001    0.00000     0.148     0.030
0.00004    0.00004   0.00000     0.037     0.029
0.00005    0.00005   0.00000     0.143     0.030
0.00004    0.00004   0.00000     0.038     0.029
0.00003    0.00003   0.00000     0.101     0.023
0.0001     0.0002    0.00001     0.110     0.029
0.0001     0.0001    0.0002      0.103     0.088
0.0001     0.0002    0.00001     0.110     0.029
0.00004    0.0001    0.00000     0.123     0.026
0.00004    0.0002    0.00000     0.116     0.026
0.00004    0.00004   0.00000     0.041     0.029
0.448       0.448     0.701      0.162     0.259
0.010       0.010     0.003      0.103     0.120
0.0001     0.0001    0.00001     0.141     0.030
0.0001     0.0001    0.00001     0.141     0.030
0.00004    0.0001    0.00000     0.107     0.026
0.00003    0.00003   0.00000     0.100     0.023
0.00005    0.0002    0.00000     0.108     0.026
0.00004    0.00004   0.00000     0.100     0.023
0.00004    0.0002    0.00000     0.108     0.026
0.0001     0.0001    0.00001     0.038     0.030
0.00004    0.0001    0.00000     0.107     0.026
0.00004    0.0001    0.00000     0.107     0.026
0.00005    0.00005   0.00001     0.038     0.030
0.0001     0.0003    0.00002     0.104     0.030
0.020       0.020     0.009      0.147     0.153
0.013       0.013     0.005      0.099     0.123
0.00003    0.00003   0.00000     0.097     0.023
0.015       0.015     0.006      0.038     0.158
0.00004    0.00004   0.00000     0.038     0.029
0.00004    0.00004   0.00000     0.038     0.029
0.00004    0.00004   0.00000     0.037     0.029
0.0001     0.0001    0.00000     0.045     0.067
0.002       0.002    0.0004      0.053     0.095
0.490       0.508     0.502      0.220     0.581
0.0001     0.0003    0.00001     0.117     0.029
0.990       0.983     0.997      0.224     0.779
0.034       0.052     0.019      0.115     0.166
1.000       1.000     1.000      0.648     0.977
1             1         1        1.000     0.997
1             1         1        1.000     1.000
0.0003     0.0003    0.0001      0.158     0.073
0.0001     0.0001    0.00001     0.044     0.032
0.0001     0.0004    0.00003     0.110     0.032
0.0004      0.001    0.0001      0.120     0.065
0.0001     0.0002    0.00001     0.105     0.031
1.000       1.000     1.000      0.115     0.948
0.002       0.002    0.0003      0.116     0.074
0.004       0.004     0.001      0.166     0.100
0.633       0.633     0.806      0.183     0.554
0.500       0.500     0.553      0.216     0.477
0.00004    0.00004   0.00000     0.099     0.024
0.750       0.750     0.893      0.175     0.572
0.0001     0.0001    0.00001     0.108     0.027
0.0001     0.0003    0.00002     0.107     0.031
0.746       0.643     0.792      0.164     0.638
0.00004    0.0002    0.00000     0.109     0.027
0.544       0.544     0.741      0.166     0.403
0.0001     0.0001    0.00000     0.106     0.026
1.000       1.000     1.000      0.059     0.966
0.788       0.777     0.844      0.110     0.483
0.990       0.990     0.998      0.109     0.717
0.402       0.402     0.384      0.061     0.447
0.353       0.353     0.324      0.058     0.441
0.998       0.992     1.000      0.209     0.875
0.0001     0.0001    0.00001     0.155     0.033
0.503       0.503     0.555      0.213     0.476
0.503       0.503     0.557      0.220     0.477
0.998       0.998     1.000      0.112     0.883
0.0001     0.0001    0.00001     0.153     0.032
0.00004    0.00004   0.00000     0.042     0.031
0.191       0.220     0.141      0.194     0.372
0.0001     0.0001    0.00001     0.103     0.027
0.0001     0.0002    0.00001     0.105     0.031
0.00005    0.00005   0.00001     0.042     0.031
0.0001     0.0003    0.00002     0.107     0.032
0.0001     0.0001    0.00001     0.144     0.032
0.0001     0.0003    0.00001     0.112     0.028
0.0001     0.0001    0.00001     0.147     0.033
0.0001     0.0001    0.00001     0.145     0.032
0.0001     0.0001    0.00000     0.142     0.031
0.0001     0.0003    0.00002     0.111     0.032
0.0001     0.0002    0.00001     0.105     0.031
0.0001     0.0001    0.00001     0.143     0.031
0.035       0.035     0.018      0.147     0.163
0.110       0.110     0.066      0.074     0.267
0.023       0.023     0.010      0.111     0.138
1.000       1.000     1.000      0.304     0.847
0.012       0.012     0.004      0.099     0.127
0.030       0.030     0.015      0.146     0.161
0.029       0.029     0.014      0.045     0.171
0.015       0.015     0.006      0.100     0.131
0.133       0.133     0.109      0.152     0.317
0.982       0.982     0.995      0.126     0.746
0.903       0.903     0.954      0.146     0.525
0.793       0.793     0.884      0.099     0.461
0.002       0.004    0.0003      0.126     0.078
0.0001     0.0001    0.00001     0.044     0.033
0.001       0.001    0.0001      0.111     0.068
0.0001     0.0001    0.00000     0.101     0.026
0.0001     0.0003    0.00001     0.113     0.029
0.0001     0.0001    0.00001     0.044     0.032
0.0002     0.0002    0.0004      0.100     0.097
0.0001     0.0002    0.00002     0.106     0.031
0.001       0.001    0.0002      0.112     0.069
0.0001     0.0004    0.00003     0.108     0.032
0.0001     0.0002    0.00001     0.105     0.031
0.0001     0.0004    0.00003     0.109     0.032
0.004       0.004     0.001      0.161     0.099
0.0001     0.0001    0.00001     0.146     0.033
0.0001     0.0002    0.00000     0.110     0.027
0.001       0.001    0.0002      0.111     0.068
0.00004    0.00004   0.00000     0.099     0.024
0.00004    0.00004   0.00000     0.099     0.024
0.0001     0.0001    0.00000     0.142     0.031
0.0001     0.0001    0.00001     0.142     0.031
0.0001     0.0003    0.00002     0.107     0.032
0.0001     0.0003    0.00001     0.112     0.028
0.0003     0.0003    0.0001      0.045     0.070
0.069       0.104     0.036      0.115     0.279
0.0001     0.0001    0.00000     0.142     0.031
0.005       0.004     0.002      0.115     0.142
0.964       0.953     0.989      0.938     0.585
0.001       0.001    0.0002      0.112     0.069
0.0001     0.0002    0.00002     0.106     0.031
0.0001     0.0002    0.00000     0.112     0.028
0.0003     0.0003    0.0001      0.046     0.070
0.0004     0.0004    0.0001      0.150     0.074
0.0001     0.0002    0.00001     0.105     0.031
0.0001     0.0001    0.00001     0.149     0.032
0.0001     0.0001    0.00001     0.048     0.033
0.002       0.004     0.001      0.119     0.093
0.0003      0.001    0.00003     0.117     0.063
0.0001     0.0002    0.00001     0.105     0.031
0.00004    0.00004   0.00000     0.099     0.024
0.0001     0.0001    0.00001     0.143     0.031
0.0001     0.0001    0.00001     0.045     0.033
0.00004    0.00004   0.00000     0.099     0.025
0.0001     0.0001    0.00001     0.043     0.031
0.0001     0.0004    0.00003     0.108     0.032
0.0002     0.0004    0.00003     0.109     0.033
0.0001     0.0003    0.00002     0.106     0.031
0.0001     0.0001    0.00000     0.102     0.025
0.0001     0.0003    0.00001     0.117     0.029
0.161       0.161     0.120      0.183     0.272
0.034       0.049     0.013      0.275     0.199
0.0001     0.0001    0.00001     0.044     0.032
0.0001     0.0003    0.00002     0.115     0.032
0.00004    0.00004   0.00000     0.049     0.031
0.00004    0.00004   0.00000     0.042     0.031
0.00004    0.0002    0.00000     0.109     0.027
0.00004    0.00004   0.00000     0.042     0.031
0.001       0.001    0.0001      0.110     0.067
0.0001     0.0004    0.00003     0.108     0.032
0.0003     0.0003    0.00005     0.105     0.056
0.027       0.039     0.010      0.169     0.193
0.0001     0.0001    0.00001     0.044     0.032
0.0001     0.0002    0.00000     0.111     0.028
0.001       0.001    0.0001      0.118     0.068
0.0001     0.0001    0.00000     0.142     0.031
0.0001     0.0001    0.00001     0.145     0.032
0.0001     0.0003    0.00001     0.113     0.029
0.025       0.036     0.009      0.141     0.191
0.00004    0.0002    0.00000     0.109     0.027
0.0001     0.0003    0.00001     0.115     0.028
0.0001     0.0001    0.00000     0.151     0.031
0.0001     0.0001    0.00001     0.043     0.032
0.0001     0.0001    0.00000     0.142     0.031
0.0001     0.0001    0.00001     0.147     0.033
0.0001     0.0002    0.00000     0.111     0.028
0.0001     0.0001    0.00000     0.142     0.031
0.793       0.793     0.884      0.099     0.461
0.950       0.950     0.977      0.050     0.734
0.00004    0.00004   0.00000     0.042     0.031
0.00004    0.00004   0.00000     0.099     0.024
0.0001     0.0001    0.00000     0.142     0.031
0.003       0.006     0.001      0.134     0.096
0.001       0.001    0.0001      0.110     0.067
0.0001     0.0001    0.00001     0.149     0.033
0.029       0.029     0.011      0.208     0.183
0.0004     0.0004    0.0001      0.107     0.058
0.0001     0.0003    0.00002     0.106     0.031
0.0001     0.0001    0.00000     0.107     0.026
0.0001     0.0001    0.00000     0.142     0.031
0.0003     0.0003    0.00004     0.104     0.055
0.002       0.004     0.001      0.115     0.093
0.00004    0.00004   0.00000     0.121     0.055
0.0001     0.0001    0.00001     0.147     0.033
0.0001     0.0003    0.00001     0.127     0.029
0.0001     0.0002    0.00000     0.110     0.028
0.0004     0.0004    0.0001      0.151     0.074
0.0001     0.0003    0.00002     0.107     0.031
0.004       0.004     0.001      0.051     0.098
0.0001     0.0002    0.00001     0.112     0.031
0.00004    0.00004   0.00000     0.042     0.031
0.001       0.001    0.0001      0.110     0.067
0.0003     0.0003    0.00004     0.105     0.055
0.0001     0.0002    0.00001     0.105     0.031
0.001       0.001    0.0001      0.109     0.068
0.0001     0.0002    0.00001     0.105     0.031
0.994       0.994     1.000      0.253     0.722
0.00005    0.00005   0.00000     0.100     0.025
0.00005    0.00005   0.00000     0.100     0.025
0.00004    0.0002    0.00000     0.109     0.027
0.0001     0.0001    0.00001     0.147     0.033
0.0003     0.0003    0.00004     0.148     0.072
0.0004     0.0004    0.0001      0.150     0.073
0.0001     0.0001    0.00000     0.105     0.026
0.00005    0.0002    0.00000     0.110     0.027
0.0001     0.0001    0.00001     0.155     0.032
0.0003     0.0003    0.00004     0.148     0.072
0.00004    0.0002    0.00000     0.109     0.027
0.123       0.123     0.083      0.183     0.267
0.0001     0.0001    0.00000     0.106     0.026
0.0001     0.0004    0.00003     0.114     0.032
0.004       0.004     0.001      0.051     0.099
0.00004    0.00004   0.00000     0.099     0.024
0.0001     0.0003    0.00001     0.112     0.029
0.0001     0.0001    0.00000     0.142     0.031
0.296       0.326     0.300      0.154     0.438
0.072       0.072     0.037      0.061     0.253
0.0001     0.0004    0.00003     0.113     0.032
0.0001     0.0001    0.00001     0.151     0.032
0.0001     0.0003    0.00001     0.117     0.028
0.0001     0.0001    0.00001     0.046     0.032
0.0001     0.0001    0.00001     0.047     0.033
0.0001     0.0001    0.00000     0.105     0.026
0.0001     0.0001    0.00001     0.149     0.032
0.0001     0.0002    0.00000     0.111     0.028
0.0001     0.0001    0.00001     0.143     0.031
0.00004    0.00004   0.00000     0.043     0.031
------------------------------------------------
