
All Probabilities
================================================
p.hat.AIC p.hat.BIC p.hat.log p.hat.pcalog      
------------------------------------------------
0.089       0.089     0.089      0.492     0.455
0.819       0.819     0.841      0.489     0.570
0.042       0.042     0.042      0.046     0.316
0.825       0.825     0.826      0.486     0.296
0.023       0.023     0.023      0.579     0.347
0.181       0.181     0.181      0.480     0.469
0.153       0.153     0.153      0.579     0.487
0.324       0.324     0.371      0.438     0.443
0.979       0.979     0.980      0.493     0.664
0.0002     0.0002    0.0002      0.488     0.081
0.328       0.328     0.328      0.484     0.544
0.962       0.962     0.962      0.445     0.678
0.996       0.996     0.997      0.497     0.699
0.914       0.914     0.932      0.015     0.577
0.359       0.359     0.363      0.463     0.532
0.988       0.988     0.988      0.470     0.844
0.015       0.015     0.015      0.595     0.359
0.084       0.084     0.083      0.515     0.440
0.984       0.984     0.984      0.431     0.770
0.958       0.958     0.958      0.054     0.662
0.999       0.999     0.999      0.526     0.852
0.289       0.289     0.287      0.532     0.494
0.999       0.999     0.999      0.526     0.849
0.048       0.048     0.048      0.562     0.379
0.992       0.992     0.995      0.580     0.642
0.003       0.003     0.002      0.615     0.351
0.999       0.999     1.000      0.633     0.712
0.00003    0.00003   0.00003     0.533     0.059
0.100       0.100     0.100      0.542     0.431
0.626       0.626     0.561      0.636     0.561
0.334       0.334     0.320      0.410     0.516
0.783       0.783     0.784      0.578     0.609
0.010       0.010     0.010      0.565     0.343
0.017       0.017     0.017      0.580     0.263
0.0002     0.0002    0.0001      0.592     0.280
0.0001     0.0001    0.0001      0.519     0.095
0.085       0.085     0.076      0.600     0.475
0.247       0.247     0.254      0.073     0.448
0.979       0.979     0.980      0.549     0.642
0.016       0.016     0.015      0.570     0.368
0.363       0.363     0.363      0.427     0.550
0.779       0.779     0.779      0.582     0.647
0.995       0.995     0.995      0.568     0.806
0.967       0.967     0.967      0.512     0.668
0.582       0.582     0.582      0.576     0.580
0.985       0.985     0.985      0.520     0.710
0.005       0.005     0.005      0.521     0.224
0.387       0.387     0.447      0.639     0.528
0.992       0.992     0.993      0.581     0.681
0.966       0.966     0.968      0.570     0.649
0.968       0.968     0.975      0.630     0.641
0.249       0.249     0.267      0.548     0.502
0.973       0.973     0.974      0.534     0.853
0.002       0.002     0.002      0.501     0.202
0.932       0.932     0.932      0.597     0.650
0.039       0.039     0.039      0.510     0.371
0.986       0.986     0.986      0.580     0.732
0.049       0.049     0.049      0.523     0.371
0.544       0.544     0.544      0.591     0.616
0.752       0.752     0.752      0.580     0.609
0.674       0.674     0.676      0.445     0.538
0.102       0.102     0.087      0.534     0.476
0.006       0.006     0.006      0.556     0.354
0.061       0.061     0.061      0.531     0.220
0.005       0.005     0.005      0.512     0.352
0.003       0.003     0.003      0.500     0.227
0.086       0.086     0.086      0.561     0.476
0.075       0.075     0.076      0.523     0.428
0.989       0.989     0.990      0.529     0.659
0.031       0.031     0.031      0.523     0.354
0.267       0.267     0.267      0.531     0.564
0.808       0.808     0.809      0.533     0.659
1.000       1.000     1.000      0.496     0.971
0.955       0.955     0.955      0.595     0.699
0.751       0.751     0.817      0.636     0.598
0.975       0.975     0.984      0.636     0.652
0.105       0.105     0.105      0.511     0.423
0.308       0.308     0.355      0.521     0.524
0.983       0.983     0.991      0.537     0.655
0.991       0.991     0.992      0.521     0.656
0.988       0.988     0.988      0.496     0.836
0.156       0.156     0.162      0.553     0.487
0.871       0.871     0.873      0.583     0.606
0.018       0.018     0.018      0.480     0.395
0.999       0.999     0.999      0.489     0.703
0.003       0.003     0.002      0.521     0.351
0.981       0.981     0.981      0.501     0.705
0.056       0.056     0.041      0.489     0.433
0.327       0.327     0.369      0.615     0.537
0.860       0.860     0.860      0.522     0.671
------------------------------------------------
