
All Probabilities
================================================
p.hat.AIC p.hat.BIC p.hat.log p.hat.pcalog      
------------------------------------------------
0.039       0.054       0          0       0.336
0.975       0.975     0.079        1       0.710
0.993       0.957       1          1       0.592
1.000       0.994       1          1       0.689
0.010       0.048       0          0       0.307
0.002       0.011       0          0       0.284
0.984       0.955       1          1       0.697
0.884       0.884       1          1       0.597
0.586       0.586    0.00000       1       0.566
0.115       0.115       0        0.119     0.368
1.000       1.000       1          1       0.892
1.000       1.000       1          1       0.892
0.999       0.999       1        1.000     0.873
0.999       0.999       1          1       0.882
1.000       0.996       1          1       0.874
1.000       0.999       1          1       0.868
0.999       0.999       1        0.902     0.867
1.000       0.999       1          1       0.870
1.000       0.999       1          1       0.867
1.000       0.993       1          1       0.872
1.000       0.999       1          1       0.860
0.999       0.999       1        1.000     0.860
0.999       0.999       1          1       0.864
1.000       0.997       1          1       0.857
0.999       0.999       1          1       0.853
1.000       0.998       1          1       0.854
1.000       0.998       1          1       0.853
1.000       0.997       1          1       0.855
1.000       0.997       1          1       0.851
0.999       0.998       1          1       0.847
1.000       0.999       1          1       0.849
0.998       0.997       1          1       0.859
0.998       0.998       1          1       0.850
0.999       0.999       1        0.993     0.846
0.999       0.998       1          1       0.860
0.999       0.998       1          1       0.840
0.999       0.999       1          1       0.840
1.000       0.994       1          1       0.839
0.999       0.997       1          1       0.836
0.999       0.988       1          1       0.838
0.996       0.995       1          1       0.839
0.996       0.996       1          1       0.833
1.000       0.994       1          1       0.836
0.999       0.999       1        0.998     0.826
1.000       0.996       1          1       0.827
0.997       0.996       1          1       0.835
0.998       0.997       1          1       0.836
0.999       0.999       1          1       0.825
0.999       0.999       1          1       0.824
0.999       0.999       1        0.998     0.826
0.996       0.996       1          1       0.833
0.999       0.999       1          1       0.824
0.995       0.995       1        0.985     0.819
0.995       0.995       1        1.000     0.824
0.999       0.987       1          1       0.821
0.994       0.994       1        1.000     0.815
0.992       0.992       1          1       0.822
0.992       0.992       1          1       0.822
0.998       0.986       1          1       0.815
0.997       0.992       1          1       0.799
0.999       0.999       1        1.000     0.800
0.993       0.992       1          1       0.810
1.000       0.996       1          1       0.803
0.995       0.993       1          1       0.811
0.998       0.980       1          1       0.815
0.998       0.986       1          1       0.799
0.994       0.994       1        0.996     0.794
0.996       0.996       1          1       0.793
0.996       0.996       1        0.979     0.792
0.938       0.938     0.066        1       0.807
0.995       0.995       1        1.000     0.791
0.999       0.995       1          1       0.774
0.990       0.990       1          1       0.777
1.000       0.994       1          1       0.775
0.992       0.981       1          0       0.757
1.000       0.998       1          1       0.777
0.991       0.991       1          1       0.710
0.999       0.999       1          1       0.692
1.000       0.999       1          1       0.709
0.999       0.997     0.995        1       0.714
0.930       0.847       1          1       0.678
0.997       0.988       1          1       0.813
0.928       0.928     1.000        1       0.736
0.991       0.991     1.000        1       0.591
0.0005     0.0005       0       0.00000    0.153
0.0001      0.002       0          0       0.158
0.001       0.001       0       0.00000    0.162
0.002       0.002       0          0       0.174
0.003       0.003     0.013      0.236     0.177
0.0005      0.003       0          0       0.173
0.001       0.004       0          0       0.166
0.0004      0.003       0          0       0.175
0.003       0.006       0          0       0.201
0.002       0.002       0        0.0003    0.189
0.001       0.004       0          0       0.203
0.0004      0.001       0          0       0.198
0.001       0.001       0       0.00000    0.195
0.0003      0.001       0          0       0.178
0.005       0.008    0.00002       0       0.200
0.003       0.003       0          0       0.190
0.010       0.010       0          0       0.186
0.006       0.008       0          0       0.203
0.002       0.006       0          0       0.182
0.004       0.010       0          0       0.204
0.004       0.004       0        0.0002    0.191
0.001       0.009       0          0       0.206
0.001       0.001       0          0       0.191
0.001       0.004       0          0       0.196
0.003       0.008       0          0       0.224
0.002       0.005       0          0       0.216
0.008       0.008    0.00002       0       0.206
0.001       0.005     0.074        0       0.207
0.002       0.002     0.029     0.00000    0.202
0.098       0.082    0.0004        0       0.221
0.001       0.014     0.994        0       0.217
0.0002      0.003       0          0       0.207
0.007       0.014     0.001      0.146     0.218
0.001       0.001       0          0       0.215
0.001       0.007       0          0       0.207
0.005       0.005       0        0.008     0.212
0.008       0.008       0        0.009     0.213
0.0002      0.005       0          0       0.215
0.015       0.015       0       0.00000    0.213
0.003       0.015       0          0       0.211
0.0002     0.0002       0          0       0.207
0.002       0.037       0          0       0.215
0.016       0.016       0       0.00003    0.210
0.001       0.009       0          0       0.210
0.003       0.003    0.00000       0       0.219
0.008       0.008       0        0.0001    0.211
0.002       0.002       0          0       0.218
0.020       0.020    0.0003        0       0.215
0.001       0.015       0          0       0.226
0.005       0.013       0          0       0.230
0.001       0.002       0          0       0.229
0.001       0.011       0          0       0.215
0.004       0.004       0          0       0.217
0.0001      0.003       0          0       0.216
0.001       0.002       0          0       0.225
0.0003     0.0003       0          0       0.216
0.009       0.024    0.00000       0       0.215
0.005       0.007       0          0       0.241
0.050       0.050     1.000      0.932     0.235
0.002       0.021       0          0       0.224
0.030       0.030       0        0.299     0.225
0.001       0.002       0          0       0.224
0.020       0.036       0          0       0.221
0.0004      0.005       0          0       0.220
0.004       0.011       0          0       0.237
0.002       0.009    0.00000       0       0.231
0.00005     0.004       0          0       0.222
0.001       0.012       0          0       0.237
0.008       0.020       0          0       0.227
0.041       0.035     0.051        0       0.250
0.011       0.026       0          0       0.233
0.006       0.012     0.535        0       0.247
0.007       0.032     0.001        0       0.240
0.001       0.005    0.00002       0       0.224
0.011       0.048    0.00004       0       0.244
0.004       0.011       0          0       0.246
0.002       0.014       0          0       0.239
0.001       0.001       0        0.205     0.246
0.005       0.005       0       0.00000    0.224
0.007       0.007    0.00000     0.246     0.237
0.020       0.020     0.048      0.025     0.244
0.001       0.001       0          0       0.236
0.015       0.015       0          0       0.224
0.029       0.029    0.0001      0.0002    0.236
0.005       0.011       0          0       0.244
0.0003      0.002       0          0       0.247
------------------------------------------------
