
All Probabilities
================================================
p.hat.AIC p.hat.BIC p.hat.log p.hat.pcalog      
------------------------------------------------
0.999       0.999     0.999      0.999     0.924
0.997       0.997     0.998      0.998     0.943
0.978       0.962     0.978      0.939     0.671
0.557       0.501     0.551      0.782     0.440
1.000       0.999     1.000      1.000     0.966
0.970       0.970     0.982      0.957     0.623
1.000       1.000     1.000      1.000     0.978
0.999       0.999     1.000      0.999     0.961
0.870       0.870     0.870      0.920     0.591
1.000       0.999     1.000      1.000     0.938
1.000       1.000     1.000      1.000     0.950
1.000       1.000     1.000      0.999     0.957
1.000       1.000     1.000      1.000     0.780
0.935       0.935     0.953      0.920     0.711
1.000       1.000     1.000      1.000     0.824
0.990       0.976     0.993      0.991     0.809
0.999       0.998     0.999      0.996     0.932
0.979       0.943     0.987      0.993     0.690
0.999       0.999     0.999      0.998     0.955
0.994       0.994     0.997      0.979     0.839
0.998       0.992     0.999      1.000     0.960
1.000       1.000     1.000      1.000     0.992
0.977       0.950     0.986      0.930     0.664
1.000       1.000     1.000      1.000     0.994
0.997       0.997     0.998      0.999     0.951
0.980       0.980     0.987      0.981     0.825
0.995       0.995     0.997      0.995     0.916
0.995       0.982     0.997      0.991     0.845
0.994       0.994     0.997      0.995     0.818
0.992       0.992     0.996      0.990     0.868
0.994       0.994     0.997      0.992     0.881
0.999       0.999     0.999      0.999     0.919
0.934       0.934     0.952      0.819     0.569
0.999       0.999     1.000      0.999     0.914
1.000       1.000     1.000      1.000     0.985
0.966       0.942     0.976      0.917     0.695
0.989       0.989     0.993      0.978     0.868
0.919       0.919     0.920      0.913     0.483
0.999       0.999     0.999      0.998     0.763
0.997       0.997     0.997      0.997     0.729
0.993       0.993     0.997      0.991     0.839
0.990       0.990     0.995      0.993     0.811
0.956       0.939     0.956      0.889     0.676
0.998       0.998     0.999      0.998     0.907
0.951       0.951     0.970      0.939     0.595
0.995       0.995     0.998      0.996     0.893
0.866       0.794     0.887      0.911     0.503
0.995       0.995     0.998      0.992     0.902
1.000       1.000     1.000      1.000     0.778
0.999       0.999     0.999      0.999     0.782
0.783       0.783     0.774      0.878     0.678
1.000       1.000     1.000      1.000     0.995
0.999       0.997     1.000      0.999     0.929
0.513       0.655     0.469      0.246     0.465
1.000       0.999     1.000      0.997     0.954
0.984       0.984     0.990      0.960     0.742
0.993       0.993     0.997      0.992     0.811
0.997       0.995     0.998      0.995     0.891
0.998       0.997     0.998      0.995     0.916
0.994       0.994     0.997      0.995     0.824
0.519       0.519     0.519      0.416     0.418
0.995       0.995     0.998      0.993     0.889
0.880       0.880     0.881      0.936     0.561
1.000       1.000     1.000      1.000     0.981
0.998       0.998     0.999      0.999     0.886
0.877       0.826     0.883      0.874     0.591
0.998       0.998     0.998      0.998     0.764
0.413       0.413     0.412      0.324     0.399
1.000       1.000     1.000      0.999     0.800
0.954       0.954     0.971      0.934     0.662
1.000       1.000     1.000      1.000     0.984
0.997       0.988     0.999      0.994     0.827
0.988       0.972     0.993      0.976     0.766
0.993       0.990     0.993      0.996     0.916
0.997       0.997     0.999      0.997     0.945
0.999       0.999     0.999      0.999     0.946
0.998       0.995     0.998      0.992     0.878
0.876       0.876     0.900      0.816     0.580
0.999       0.999     0.999      0.999     0.950
0.985       0.985     0.985      0.989     0.668
1.000       0.999     1.000      1.000     0.946
0.990       0.990     0.994      0.983     0.852
0.999       0.999     0.999      0.998     0.762
0.974       0.974     0.986      0.941     0.713
0.793       0.793     0.820      0.620     0.525
0.822       0.822     0.848      0.757     0.519
0.782       0.782     0.814      0.653     0.417
0.954       0.954     0.971      0.940     0.747
0.990       0.990     0.995      0.973     0.869
0.998       0.995     0.998      0.988     0.901
0.993       0.974     0.996      0.990     0.788
0.994       0.994     0.994      0.998     0.756
0.993       0.993     0.995      0.995     0.909
1.000       0.999     1.000      0.998     0.956
0.999       0.999     0.999      0.996     0.757
0.156       0.156     0.131      0.030     0.160
0.998       0.998     0.999      0.998     0.914
0.961       0.961     0.961      0.949     0.594
0.576       0.583     0.576      0.699     0.510
0.993       0.965     0.996      0.988     0.714
0.997       0.997     0.998      0.995     0.895
0.961       0.961     0.969      0.916     0.717
1.000       1.000     1.000      1.000     0.980
0.999       0.999     0.999      0.998     0.746
0.999       0.999     0.999      0.999     0.962
0.992       0.992     0.992      0.985     0.687
0.943       0.927     0.943      0.921     0.718
0.978       0.978     0.978      0.992     0.662
0.993       0.987     0.993      0.977     0.797
0.999       0.999     1.000      1.000     0.959
1.000       1.000     1.000      1.000     0.987
0.968       0.955     0.968      0.960     0.722
0.999       0.996     1.000      1.000     0.946
0.999       0.999     0.999      0.999     0.772
0.998       0.998     0.999      0.997     0.937
0.994       0.994     0.997      0.985     0.860
0.995       0.992     0.995      0.989     0.876
0.999       0.999     0.999      0.996     0.692
0.974       0.961     0.981      0.948     0.761
0.999       0.994     0.999      1.000     0.897
1.000       1.000     1.000      1.000     0.822
1.000       0.999     1.000      0.999     0.956
0.999       0.998     0.999      0.998     0.945
1.000       1.000     1.000      1.000     0.986
0.987       0.976     0.987      0.965     0.712
0.971       0.971     0.982      0.938     0.727
1.000       1.000     1.000      1.000     0.824
0.982       0.982     0.982      0.977     0.633
1.000       1.000     1.000      1.000     0.817
0.983       0.974     0.983      0.962     0.786
0.994       0.988     0.995      0.997     0.897
0.999       0.999     1.000      0.999     0.920
0.999       0.999     1.000      0.999     0.935
0.999       0.999     0.999      0.999     0.933
0.987       0.982     0.987      0.969     0.834
0.995       0.991     0.995      0.988     0.848
1.000       1.000     1.000      1.000     0.827
1.000       0.999     1.000      1.000     0.961
0.999       0.998     0.999      0.996     0.911
1.000       0.999     1.000      0.999     0.964
0.903       0.903     0.929      0.905     0.634
0.989       0.989     0.989      0.993     0.715
0.998       0.998     0.999      0.998     0.946
0.0001     0.0001    0.00001     0.008     0.101
0.795       0.778     0.819      0.610     0.477
0.001       0.009     0.001      0.001     0.031
0.010       0.020     0.010      0.023     0.069
0.005       0.011     0.005      0.019     0.058
0.135       0.135     0.110      0.146     0.144
0.001       0.003     0.001      0.001     0.020
0.242       0.296     0.242      0.426     0.286
0.008       0.008     0.008      0.095     0.248
0.348       0.348     0.297      0.328     0.236
0.001       0.001     0.001      0.009     0.180
0.120       0.120     0.095      0.049     0.202
0.001       0.005    0.0003      0.001     0.033
0.005       0.005     0.004      0.005     0.021
0.022       0.022     0.020      0.013     0.041
0.005       0.018     0.002      0.004     0.057
0.007       0.007     0.004      0.005     0.035
0.001       0.007    0.0003      0.001     0.039
0.0001     0.0001    0.0001      0.0001    0.117
0.053       0.060     0.053      0.034     0.069
0.024       0.035     0.024      0.019     0.064
0.005       0.043     0.002      0.002     0.097
0.001       0.001    0.0004      0.001     0.020
0.0003      0.003    0.0001      0.0001    0.019
0.001       0.001     0.001      0.003     0.175
0.002       0.002     0.001      0.001     0.015
0.009       0.034     0.005      0.008     0.076
0.001       0.008    0.0004      0.001     0.047
0.0001     0.0001    0.0001      0.001     0.107
0.002       0.017     0.001      0.002     0.063
0.097       0.097     0.070      0.110     0.124
0.035       0.042     0.035      0.034     0.045
0.414       0.414     0.412      0.413     0.230
0.008       0.020     0.004      0.004     0.055
0.012       0.018     0.012      0.006     0.040
0.029       0.033     0.029      0.027     0.040
0.0001     0.0001    0.0001      0.001     0.142
0.002       0.004     0.002      0.002     0.016
0.002       0.004     0.002      0.006     0.022
0.048       0.015     0.048      0.008     0.012
0.991       0.991     0.991      0.978     0.705
0.004       0.004     0.003      0.001     0.013
0.091       0.091     0.057      0.078     0.173
0.003       0.004     0.003      0.001     0.013
0.001       0.007     0.001      0.002     0.035
0.530       0.530     0.469      0.594     0.386
0.001       0.001     0.001      0.034     0.244
0.642       0.642     0.646      0.706     0.459
0.001       0.003    0.0004      0.0001    0.020
0.051       0.051     0.036      0.036     0.092
0.001       0.001     0.001      0.001     0.180
0.0003     0.0003    0.0003      0.025     0.191
0.0003     0.0003    0.0003      0.001     0.132
0.413       0.413     0.419      0.381     0.252
0.015       0.025     0.008      0.004     0.067
0.003       0.018     0.002      0.002     0.046
0.073       0.102     0.073      0.083     0.158
0.005       0.016     0.002      0.001     0.045
0.203       0.203     0.171      0.189     0.210
0.218       0.218     0.189      0.238     0.211
0.104       0.104     0.076      0.081     0.129
0.011       0.011     0.011      0.058     0.288
0.001       0.001    0.0003      0.0002    0.008
0.011       0.011     0.005      0.015     0.068
0.209       0.209     0.134      0.358     0.306
0.001       0.001     0.001      0.017     0.209
0.0003     0.0003    0.0003      0.002     0.119
0.002       0.002     0.002      0.025     0.182
0.017       0.017     0.011      0.009     0.039
0.00000    0.00000   0.00000     0.037     0.343
0.0002      0.001    0.0002      0.474     0.276
0.128       0.270     0.128      0.849     0.678
0.051       0.051     0.014      0.884     0.640
0.005       0.005     0.005      0.580     0.511
0.00003    0.00003   0.00003     0.217     0.442
0.00002    0.0003    0.00001    0.00000    0.008
0.0001     0.0001    0.0001      0.0001    0.003
0.021       0.021     0.012      0.084     0.093
0.018       0.018     0.013      0.011     0.041
1.000       1.000       1        0.194     0.251
0.001       0.001       0        0.006     0.097
0.001       0.001     0.001      0.008     0.142
0.008       0.008     0.006      0.006     0.020
0.001       0.004     0.001      0.0005    0.016
0.002       0.002     0.002      0.016     0.172
0.005       0.005     0.002      0.019     0.038
0.038       0.038     0.033      0.040     0.054
0.061       0.061     0.045      0.067     0.060
0.008       0.008     0.008      0.187     0.249
0.248       0.248     0.222      0.263     0.149
0.013       0.036     0.008      0.006     0.061
0.038       0.038     0.031      0.026     0.067
0.0002     0.0002    0.0002      0.0002    0.097
0.002       0.002     0.001      0.001     0.014
0.001       0.001    0.0004      0.001     0.014
0.042       0.042     0.039      0.032     0.072
0.004       0.004     0.002      0.001     0.025
0.012       0.042     0.007      0.008     0.068
0.015       0.015     0.008      0.013     0.043
0.001       0.002     0.001      0.001     0.008
0.00002    0.00002   0.00002     0.0002    0.075
0.0002     0.0002    0.0002      0.001     0.100
0.004       0.004     0.004      0.026     0.218
0.038       0.038     0.037      0.211     0.277
0.0005     0.0005    0.0002      0.0003    0.007
0.126       0.134     0.126      0.092     0.095
0.0002     0.0002    0.0002      0.001     0.104
0.107       0.149     0.094      0.224     0.121
0.012       0.012     0.049      0.003     0.016
0.012       0.012     0.006      0.009     0.027
0.0001     0.0001    0.00002     0.0002    0.003
0.004       0.011     0.002      0.001     0.035
0.0004     0.0004    0.0002      0.0002    0.006
0.011       0.011     0.006      0.005     0.032
0.959       0.973     0.973      0.996     0.855
0.015       0.015     0.011      0.020     0.053
0.017       0.017     0.012      0.032     0.064
0.006       0.006     0.006      0.063     0.294
0.00002    0.00002   0.00002     0.0005    0.141
0.265       0.283     0.265      0.117     0.225
0.001       0.001    0.0005      0.001     0.019
0.00001    0.00001   0.00001     0.0003    0.135
0.00001    0.00004   0.00000    0.00001    0.007
0.00004    0.0002    0.00001     0.0001    0.014
0.001       0.003     0.001      0.056     0.048
0.0005     0.0005    0.0001      0.005     0.026
0.003       0.003     0.001      0.006     0.042
0.462       0.462     0.472      0.139     0.183
0.049       0.049     0.027      0.241     0.171
0.041       0.041     0.030      0.012     0.097
0.611       0.381     0.613      0.708     0.372
0.0001     0.0004    0.0002      0.0001    0.005
0.078       0.078     0.061      0.359     0.191
0.215       0.215     0.150      0.568     0.269
0.016       0.021     0.009      0.006     0.079
0.072       0.098     0.072      0.145     0.139
0.003       0.003     0.002      0.206     0.075
0.062       0.062     0.235      0.283     0.075
0.027       0.027     0.093      0.315     0.068
0.003       0.003     0.008      0.142     0.045
0.063       0.028     0.063      0.257     0.059
0.093       0.165     0.071      0.361     0.267
0.024       0.036     0.024      0.045     0.091
0.014       0.053     0.009      0.001     0.110
0.001       0.003    0.0002      0.0005    0.041
0.279       0.279     0.257      0.131     0.187
0.001       0.001    0.0002      0.002     0.051
0.030       0.065     0.019      0.021     0.160
0.0001     0.0001    0.0001      0.004     0.221
0.583       0.501     0.612      0.346     0.324
0.001       0.001     0.001      0.0001    0.150
0.154       0.154     0.113      0.312     0.327
0.004       0.018     0.002      0.003     0.085
0.320       0.450     0.330      0.036     0.252
0.014       0.027     0.014      0.030     0.157
0.029       0.029     0.014      0.087     0.177
0.0001      0.002    0.00003    0.00001    0.019
1.000       0.996     1.000      1.000     0.916
0.049       0.049     0.038      0.032     0.103
0.0001      0.001    0.00002     0.011     0.091
0.003       0.006     0.003      0.003     0.035
0.002       0.002     0.001      0.004     0.241
0.018       0.018     0.009      0.028     0.142
0.081       0.092     0.060      0.020     0.144
0.0002      0.002    0.0001      0.0001    0.036
0.020       0.020     0.011      0.004     0.071
0.008       0.033     0.004      0.001     0.089
0.059       0.100     0.042      0.221     0.194
0.001       0.002     0.001      0.002     0.038
0.040       0.040     0.040      0.172     0.376
0.107       0.147     0.107      0.226     0.303
0.0002     0.0004    0.0002      0.0001    0.006
0.0001      0.001    0.00003     0.0003    0.042
0.022       0.022     0.022      0.327     0.428
0.184       0.184     0.163      0.066     0.208
0.003       0.003     0.002      0.025     0.286
0.239       0.239     0.238      0.157     0.319
0.139       0.139     0.116      0.105     0.192
0.080       0.080     0.080      0.031     0.292
0.018       0.018     0.010      0.002     0.053
0.044       0.044     0.044      0.034     0.274
0.085       0.172     0.071      0.004     0.146
0.991       0.991     0.996      0.992     0.830
0.085       0.085     0.085      0.016     0.280
0.853       0.798     0.875      0.910     0.609
0.001       0.001     0.001      0.070     0.327
0.004       0.004     0.004      0.027     0.236
0.484       0.484     0.484      0.258     0.290
0.0003      0.001    0.0003      0.025     0.054
0.763       0.662     0.804      0.719     0.433
0.459       0.459     0.466      0.359     0.357
0.142       0.142     0.141      0.358     0.417
0.014       0.020     0.014      0.005     0.059
------------------------------------------------
